03145|20.0
7647731951107|11.0
7647731957079|5.0
7647731954078|2.0
9647452310045|2.0
8964000499023|6.0
418016|8.0
8964000499160|16.0
8964000499177|21.0
899432000029|9.0
899432000012|12.0
899432000005|20.0
899432000111|36.0
899432000050|0.0
899432000067|3.0
8994320000740025|0.0
899432000074|4.0
899432000128|0.0
8964000515006|22.0
8964000515013|18.0
8964000515020|0.0
8964000515037|10.0
8964000515051|12.0
8964000961377|1.0
8964000961681|7.0
8964000961698|2.0
8964000515075|5.0
8964000515242|17.0
8964000572221|1.0
89640005703951231|0.0
8964000572535|6.0
8964000572559|4.0
8964000572528|0.0
8964000570395123|0.0
8964000571033|8.0
8964000571040|7.0
8964000570241|0.0
8964000570258|0.0
8964000572542|0.0
8964000570067|0.0
8964000570142|0.0
8964000139202|4.0
8964000139110|73.0
8964000192320|6.0
6280541402509|92.0
6280541402608|14.0
6280541402615|0.0
6281652502416|72.0
6281652502515|21.0
6281652502614|0.0
6282039440079|0.0
6284792268006|49.0
6281014440066|6.0
6181014441189|22.0
6028104400117|4.0
6028107700115|31.0
6415009004463|50.0
6060742000212|240.0
6028104400216|8.0
6028100044056|10.0
6028100043059|0.0
6415009004166|2.0
6028104510014|4.0
6281016807256|15.0
6415008004167|12.0
6281057119233|9.0
6283874702230|11.0
6028104400568|48.0
6281653938887|1.0
6283874777542|0.0
6820406410616|1.0
6283874703336|0.0
6028110044053|13.0
6281652887773|4.0
6283874777245|0.0
6282763602323|3.0
6012014305020|5.0
6820406410517|14.0
6281653838781|3.0
6281066997709|0.0
6285001485009|10.0
8963007861581|0.0
8963007860652|20.0
8963007860348|47.0
8963007860331|124.0
8963007860744|2.0
8963007861840|1.0
8963007860140|104.0
8964000045473|9.0
8964000045442|5.0
8964000045459|15.0
8964000047002|1.0
8964000047019|2.0
8964000047026|0.0
8964000047033|0.0
8964000047132|1.0
8964000047125|0.0
8961100022533|896.0
8961100023271|30.0
689076783378|55.0
689076783170|20.0
689076783279|50.0
718122099917|190.0
7137571699364|88.0
653341107077|29.0
689076783873|38.0
718122104215|0.0
7137571776348|43.0
718122103218|5.0
705105558530|104.0
718122102914|3.0
5028217001257|328.0
5028217000991|560.0
5028217001080|2.0
5028217004654|16.0
5028217000779|7.0
5028217005606|20.0
5028217004661|12.0
5028217001035|2.0
50282179999748889|81.0
5028217001486|2.0
5028217006252|8.0
182039000111|3.0
182039000173|7.0
182039000012|12.0
182039000036|0.0
182039000029|0.0
182039000050|2.0
182039000005|3.0
8964000507292|0.0
8964000257685|0.0
8964000259610|3.0
8964000506257|0.0
8964000258347|2.0
8964000259788|1.0
8964000506929|8.0
8964000258309|0.0
8964000506936|9.0
8964000506264000|0.0
8964000505656|2.0
8964000258439|4.0
8964000507087|9.0
8964000506363|6.0
8964000259702|0.0
8964000506264|6.0
8964000258392|0.0
8964000259740|0.0
858167000018|19.0
858167000025|79.0
858167000032|36.0
858167000049|37.0
858167000056|6.0
858167000063|9.0
858167000070|7.0
858167000087|6.0
858167000094|12.0
858167000100|0.0
858167000568|5.0
858167000575|1.0
858167000292|2.0
858167000285|1.0
858167000131|6.0
8961006020015|162.0
8961006070904|134.0
8961006040020|91.0
8961006040044|257.0
8961006040013|2.0
8961006010054|35.0
8961006040136|117.0
8961006040051|81.0
8961006010085|10.0
8964002993833|0.0
8964002993796|3.0
8964000833452|30.0
8964000833520|0.0
8964000833261|22.0
8964000834626|9.0
8964000923047|86.0
8964000923016|79.0
8964000923009|63.0
8964001025061|88.0
8964001026143|6.0
8964001026532|6.0
8964001026549|2.0
8964001026181|33.0
8964001026556|1.0
8964001026198|19.0
8964001024033|274.0
8964001024019|272.0
8964001025023|216.0
00124|131.0
00024|810.0
8964003286828|0.0
8964001385028|73.0
8964001385035|0.0
8964003286149|19.0
8964001385738|11.0
00hs5|22.0
8964003286125|0.0
00040|0.0
00h20|0.0
8964001276630|214.0
8964000039854|113.0
8964000039939|0.0
8964000039519|562.0
8964000039571|33.0
8964001276029|92.0
8964001276043|47.0
8964001276005|5.0
8964001277903|0.0
8964001278108|60.0
8964000039830|11.0
8964001277330|110.0
8964001277293|184.0
8964000039717|30.0
8964001277323|0.0
8961100310654|11.0
8961100311156|9.0
8961100310159|2.0
8961100310104|2.0
788821005137|97.0
788821001382|117.0
788821001344|685.0
788791001405|111.0
788821001368|288.0
788821001412|312.0
788821150189|936.0
788821150363|130.0
788821151261|130.0
788821151292|179.0
788821150141|191.0
788821150837|37.0
788821150967|26.0
788821151278|69.0
788821150134|48.0
788821151254|40.0
788821151438|15.0
788821150370|26.0
788821151421|4.0
788821151629|23.0
788821150905|13.0
788821151445|49.0
788821150684|154.0
788821150790|267.0
788821150431|15.0
788821150820|16.0
788821150936|42.0
788821150387|41.0
788821151452|12.0
788821150417|3.0
788821151247|156.0
788821048028|5.0
788821150394|346.0
788821150929|98.0
788821150400|0.0
788821151636|7.0
788821150219|93.0
788821001269|46.0
788821001290|111.0
788821001313|72.0
788821001306|56.0
788821002082|62.0
788821002099|46.0
788821001283|73.0
788821001252|450.0
788821151704|60.0
788821151711|28.0
788821151117|292.0
788821151186|33.0
788821079183|1.0
788821123053|3.0
788821150608|0.0
00284|106.0
8964000038345|0.0
8964000038437|8.0
8964000039229|7.0
8964000578001|100.0
796554222004|4.0
796554222011|0.0
796554222035|3.0
796554222028|4.0
8964000578469|14.0
8964000578407|10.0
8964000578377|8.0
796554223001|0.0
796554223018|0.0
02115|0.0
02114|0.0
8964000578070|0.0
8964000578087|1.0
8964000578056|0.0
8964000578049|5.0
8964000578650|3.0
8964001492627|123.0
8964002137404|0.0
8964003820107|0.0
8964001492283|0.0
8964001492276|0.0
8964002137954|3.0
8964002137947|0.0
8964001492757|0.0
8964001492443|0.0
8964001492160|1.0
8964003820114|0.0
8964001492351|11.0
8964002137985|0.0
8964001492696|0.0
8964001492207|0.0
8964002932597|17.0
8964002933198|0.0
8964002932375|91.0
8964002932139|21.0
8964000241172|1.0
8964000241400|162.0
8964000241042|97.0
8964000241585|7.0
00776|96.0
8964000241004|0.0
8964000241035|0.0
8964000241394|58.0
8964000043455|78.0
8964000043189|0.0
00bum|0.0
0buxl|0.0
buxxl|0.0
8964000730010|5.0
8886950051420|92.0
8886950050225|145.0
8886950051031|215.0
8886950051468|66.0
8886950051383|110.0
8886950052038|44.0
8886950052168|36.0
8886950052243|0.0
8886950056067|82.0
8886950056012|85.0
8886950055329|0.0
8886950058009|0.0
8886950058016|0.0
8886950054216|8.0
8886950066462|44.0
8886950066516|0.0
8886950072272|159.0
8886950072241|664.0
8886950072203|2384.0
8886950071947|86.0
8886950096186|180.0
8886950096179|108.0
8886950096162|55.0
8886950096193|47.0
8886950035062|24.0
8886950035123|4.0
8886950031880|428.0
8886950039381|286.0
8886950073651|59.0
8886950073491|27.0
8886950083124|97.0
8886950076089|520.0
8886950076027|34.0
8886950076010|15.0
8886950049137|4.0
8886950049038|4.0
8886950012391|1.0
8886950012148|59.0
8886950012223|53.0
8886950027494|43.0
8886950013794|276.0
8886950013848|263.0
8886950013787|193.0
00195|917.0
8886950014203|59.0
8886950015224|505.0
8886950011066|201.0
8886950011141|285.0
8886950093192|25.0
8886950092133|0.0
8886950092119|0.0
8886950092072|14.0
8886950093208|0.0
8886950093376|23.0
8961008217611|182.0
8961008219363|60.0
8961008217604|13.0
8961008221717|123.0
8961008218892|59.0
8961008218915|40.0
8961008223407|48.0
8961008218700|49.0
8961008224848|26.0
8961008224862|4.0
8961008223810|22.0
8961008224855|24.0
8961008235387|17.0
8961008223209|5.0
8961008235400|4.0
8961008235424|16.0
8961008235431|2.0
8961008235448|1.0
8961008235462|4.0
8961008235479|4.0
9556001249128|21.0
9556001249142|0.0
8961008215600|11.0
8961008222936|7.0
7891000312704|6.0
8961008236735|8.0
8961008220284|32.0
8961008220321|18.0
8961008220352|9.0
8961008220390|8.0
8961008220499|16.0
8964000707036|28.0
8964000707029|14.0
8964000707708|8.0
8964000707715|17.0
8964000707814|40.0
8964000707494|0.0
8964000707142|112.0
8700216736787|150.0
4084500599789|151.0
8006540978344|101.0
00198|5.0
8001841460291|5.0
8001841299273|2.0
8001841299303|6.0
8001841299211|0.0
8700216842242|1.0
8006540314159|2.0
8001841299150|155.0
8001841299365|6.0
8001841299181|2.0
8001841460321|33.0
8001841460567|2.0
8001841460710|4.0
8001841460505|2.0
8001841494395|4.0
8001841494241|2.0
8001841494159|21.0
8001841494067|5.0
8001841494425|26.0
8001841494333|0.0
8001090792730|14.0
8001841494272|3.0
8001841494180|5.0
8001841494456|20.0
8006540639245|0.0
8006540021217|303.0
8700216780254|132.0
00034|107.0
7702018621293|2.0
3014260228859|2.0
4015400214496|0.0
4015400417491|1.0
8700216610445|19.0
4015400457879|0.0
4015400416869|8.0
4015400205258|0.0
8964000982204|0.0
8964000982570|3.0
8964000982662|2.0
8964000982150|0.0
8964000982471|1.0
8964000982433|0.0
8964000982440|1.0
8964000982846|3.0
8964000982198|8.0
6001106114862|111.0
8966000041349|17.0
6001193114912|0.0
8961101231057|42.0
8961101231415|35.0
8961101231453|9.0
8961101234027|28.0
8961101234010|24.0
6001106309749|0.0
6001106309732|0.0
6001106309763|0.0
6001106114985|1.0
6001106309565|18.0
8964002686919|64.0
8964002686858|43.0
8961101231156|19.0
8961101230586|1.0
6001106209506|276.0
6001106209261|8.0
8961101233167|52.0
6001106209070|7.0
6001106309985|21.0
6001106309725|5.0
00027|0.0
6001106309435|0.0
8961101231309|0.0
6001106309459|0.0
6001106309428|0.0
8964000008003|9.0
8964000008072|23.0
8964000008102|34.0
8964000008119|12.0
815096000274|181.0
td430|479.0
8961103600516|0.0
8961103600585|665.0
8961103600578|279.0
8961103602008|54.0
8961103601995|234.0
8961103601889|140.0
8961103601872|159.0
815096001899|9.0
815096000304|6.0
815096001981|32.0
815096000373|25.0
815096004678|0.0
815096000311656565|0.0
815096000342|8.0
815096000908|12.0
815096000915|24.0
815096002988|7.0
041167603208|3.0
041167620212|5.0
896101426631|17.0
8961014261141|156.0
8961014261127|18.0
8961014246773|11.0
8961014255959|60.0
8961014266948|19.0
8961014255966|62.0
8961014261073|65.0
8961014261066|0.0
8961014261097|11.0
8961014263787|0.0
8961014263756|459.0
8961014262827|303.0
8961014263855|84.0
8961014255799|21.0
8961014008388|0.0
8961014032161|34.0
8961014037746|37.0
8961014018240|3.0
8961014032154|137.0
8961014018226|16.0
8961014008487|120.0
8961014008432|96.0
8961014008395|51.0
8961014008425|12.0
8961014003598|8.0
8961014018233|77.0
8720608619320|4.0
5063305006776|18.0
5063305006738|13.0
8961014250503|0.0
8961014250411|11.0
8961014250404|15.0
8961014250374|45.0
8961014250398|15.0
8961014250381|43.0
8961014250367|81.0
8961014251951|17.0
8961014263312|16.0
8961014251975|6.0
8961014251944|28.0
8961014251968|44.0
8961014264272|317.0
00400|343.0
8961014264166|28.0
8961014264012|813.0
00098|478.0
8961014247008|5.0
8961014247015|14.0
01001|2779.0
8961014265354|52.0
01002|20.0
8961014248982|4.0
8961014249002|13.0
8961014263039|31.0
8999999053031|44.0
8961014249033|18.0
8999999053048|36.0
8850007650843|34.0
88531472|0.0
8961014245158|13.0
8961014249217|4.0
8961014245189|0.0
8851932399593|0.0
8961014260779|16.0
8961014264494|16.0
8961014255652|0.0
8961014260830|19.0
8961014260809|49.0
8961014255645|36.0
8999999036546|48.0
8961014239683356998|182.0
89610142396836797|0.0
8961014255089|149.0
8961014255133|803.0
8961014255171|4.0
5063305007414|5.0
00387|27.0
8720608622931|21.0
5063305005625|0.0
8720608619375|0.0
4796005650901|3.0
8961014032383|8.0
8961014032390|10.0
8961014186369|16.0
06352|13.0
8961014261660|28.0
8961014236866|0.0
8961014236828|23.0
8961014261721|20.0
8961014263497|29.0
8961014032901|490.0
8961014021639|1.0
89610140041680000|0.0
8961014004175|1.0
02901|4.0
8961014033861|738.0
02906|0.0
00004|104.0
8962222027321|3.0
8962222027338|8.0
8962222014383|0.0
8962222014048|235.0
8962222014321|4.0
8962222014314|2.0
8962222014093|20.0
8962222014154|0.0
6924012280158|16.0
8962222014123|12.0
6068357302158|0.0
6068357302165|0.0
6068357277784|0.0
6923289308107|1.0
6923289308084|0.0
6923289308206|10.0
6923289308183|14.0
00332|2.0
6574121243454|1.0
00003|190.0
6574121243423|85.0
6574121243485|0.0
6574121243478|30.0
5986217435239|25.0
6574121243416|134.0
6574121243492|67.0
02324|8.0
661000412001|15.0
661000413001|4.0
661000410001|7.0
729872535020|45.0
723872535202|5.0
723872535134|28.0
729875873426|0.0
9228032023014|0.0
729872022094|22.0
9211211312238|14.0
9211212255237|1.0
723872535219|3.0
896546000341|12.0
7238725352193|0.0
5986217435277|12.0
4875774698748|10.0
729875200727|2.0
4657223649996|8.0
1358946338992|17.0
1358946337964|358.0
1358946339012|14.0
1358946343286|45.0
1358946338190|5.0
1358946340148|153.0
1358946340070|166.0
00425|51.0
1358946338268|22.0
3572278677200|100.0
1358946338572|404.0
1358946343453|19.0
1358946339180|53.0
1358946345969|0.0
1358946338886|17.0
3572242274626|13.0
1358946343668|108.0
3570004726437|2366.0
8964000064153|40.0
8964000064214|20.0
8964000064672|3.0
8964000064054|2.0
8964000064061|0.0
8964000064092|9.0
894004257445|0.0
8964004257445|6.0
9200475720705|83.0
9200475720309|24.0
4567995365560|44.0
9200475761005|5.0
4567995365683|10.0
9200475780709|0.0
9200475781003|0.0
9200475730704|7.0
9200475730308|4.0
9200475731008|2.0
8964000801253|4.0
8964001300052|26.0
8964001300236|6.0
8964002577415|0.0
8964000798546|38.0
8964001300090|115.0
8964001300120|40.0
8964000798539|128.0
8964001300045|7.0
5060593000684|0.0
5060593000233|28.0
5060593000158|3.0
5060593000134|8.0
5060593000196|2.0
5060593000103|4.0
5060593000172|4.0
5060593000165|11.0
5060593000127|4.0
5060593000110|47.0
5060593000141|4.0
5060593000189|13.0
5060593000523|1.0
5060593000547|8.0
5060593000592|0.0
5060593000561|3.0
5060593000509|0.0
5060593000585|2.0
5060593000554|1.0
5060593000578|4.0
5060593000530|5.0
5060593000516|31.0
5060593000097|1.0
5060593000424|0.0
5060593000431|4.0
5060593000455|1.0
5060593000011|6.0
5060593000028|14.0
5060593000004|3.0
5060593000035|14.0
5060593000974|3.0
5060593000059|15.0
5842109854123|11.0
5842109854239|4.0
4801010560500|13.0
6223000659243|11.0
3574669907552|7.0
3574660028119|0.0
3574660028096|8.0
3574669908030|2.0
8850007030744|9.0
6111079002087|1.0
8964000749364|0.0
8964000749401|0.0
8964000749425|0.0
8964000749388|1.0
8964000749098|2.0
8964000749036|2.0
8964000749067|11.0
8964000749005|3.0
8964000749906|5.0
8964000749937|1.0
6291101522636|1.0
6291101520106|13.0
6291101520113|16.0
6291101520137|56.0
6291101520151|13.0
6291101525668|3.0
6291101523664|0.0
6291101523657|0.0
6291101523688|1.0
6291101523695|2.0
6291101523336|1.0
6291101524227|0.0
6291101525989|0.0
6291101523633|2.0
6291101523626|1.0
6291101520397|18.0
6291101522889|1.0
6291101522896|0.0
6291101520199|0.0
6291101520540|2.0
6291101520526|0.0
6291101520533|0.0
6291101522728|3.0
6291101522780|0.0
6291101528324|0.0
6291101526719|12.0
6291101526887|6.0
6291101522841|5.0
6291101522858|0.0
6291101520328|0.0
6009689190037|1.0
6009689190051|9.0
6009689190044|0.0
6009689190013|1.0
8964000024027|7.0
8964000024003|11.0
8964000024829|0.0
8964000024126|4.0
8964000024133|5.0
8964000024096|0.0
8966000002708|0.0
8966000002715|1.0
8966000002722|2.0
8966000002739|0.0
8964001076087|0.0
8964001076056|6.0
8961005010017|3.0
8961005010031|16.0
8961005010048|2.0
8961005030046|1.0
8961005040014|11.0
8961005030039|1.0
8961005040045|3.0
8961005030022|5.0
8961005040038|3.0
8961005914735|1.0
8961005050013|4.0
8961005060128|2.0
8961005030053|3.0
8961005040304|4.0
8961005030411|2.0
8961005030404|0.0
8961005040205|3.0
8961005030428|0.0
8964000034033|2.0
8964000034019|2.0
8964000034002|0.0
8964000034040|0.0
8964000034057|1.0
8964000034118|0.0
8964000034101|2.0
8964000034149|2.0
8964000034330|1.0
8964000034316|1.0
8964000034989|0.0
8964000034309|0.0
8964000034323|0.0
8964000034606|0.0
8964000034620|2.0
8964000034637|0.0
8964000034590|2.0
8964000034699|19.0
8964000035955|1.0
8964000034644|1.0
8964000035436|0.0
8964000034729|7.0
8964000034712|16.0
8964000034538|0.0
8964000034224|2.0
8964000061121|72.0
8964000061114|179.0
8964000061107|142.0
8964000061596|10.0
8964000061541|28.0
8964000061534|34.0
0725765615541|0.0
725765615527|4.0
8964000062388|5.0
8964000062739|0.0
8964000062395|5.0
8964000061725|6.0
8964000061701|9.0
8964000061718|2.0
8964000062609|9.0
8964000062654|7.0
8964000061305|14.0
8964000061312|3.0
725765614803|0.0
0725765616524|0.0
8964000061848|0.0
8964000061831|0.0
8964000020364|171.0
8964000020357|269.0
8964000020340|107.0
8964000020531|64.0
8964000020487|171.0
8964000021934|75.0
8964000843017|0.0
8964000843000|12.0
8964000020678|13.0
8964000020661|15.0
8964000020425|0.0
896400021927|0.0
8964000020609|35.0
8964000843123|15.0
8964000021576|33.0
8964000021545|4.0
8964000021583|0.0
8964000020296|9.0
8964000020289|17.0
8964000020081|8.0
8964000020098|7.0
8964000020180|9.0
8964000020197|6.0
620514005836|70.0
620514006130|131.0
620514008981|33.0
620514008530|76.0
620514015699|11.0
620514000695|18.0
620514009728|23.0
620514000701|10.0
620514019970|35.0
620514000671|3.0
620514001708|2.0
620514020327|1.0
620514000688|8.0
620514001937|14.0
620514001920|13.0
620514001975|5.0
620514001951|2.0
620514001944|2.0
620514019994|52.0
620514020006|16.0
620514020013|13.0
620514001104|14.0
620514000862|18.0
620514000985|24.0
620514000978|30.0
620514000770|19.0
620514000909|3.0
620514000046|16.0
620514001692|33.0
620514001142|981.0
620514001166|74.0
620514020051|5.0
620514009766|0.0
620514018645|0.0
620514009872|2.0
620514018737|2.0
620514018768|0.0
620514000060|47.0
620514015545|9.0
620514001029|66.0
620514001036|26.0
8964000057124|1.0
8964000057919|3.0
8961000025009|0.0
8964000057421|1.0
8964000055762|9.0
8964000057308|9.0
8964000057513|0.0
8964000057483|6.0
8964000088197|3.0
8964000057452|0.0
8964000057346|7.0
8964000057469|3.0
8964000057032|1.0
8964000057025|0.0
00086|693.0
00008|973.0
8961100500000|115.0
8961100503100|25.0
8961100500086|6.0
8961100503124|9.0
8961100503131|26.0
000d5|21.0
8961100503599|0.0
00091|323.0
9292925465454|665.0
00064|425.0
8964000006115|30.0
8964000006122|36.0
00s10|2.0
00065|954.0
00057|16.0
000e5|14.0
00006|3595.0
00085|508.0
08501|115.0
00420|1222.0
00421|281.0
00422|137.0
0ig16|3.0
00i16|0.0
i16016536535|14.0
8964000069042|4.0
8964000069011|8.0
8964000069059|7.0
8964000069233|0.0
8964000069240|4.0
8964000069202|0.0
02384|0.0
00103|49.0
00102|165.0
00014|2675.0
00160|972.0
8964000419632|35.0
8964000611906|19.0
00017|29.0
00016|12.0
002.5|14.0
000.5|11.0
00.10|0.0
00.16|8.0
000053|0.0
00045|1.0
6890767818796|10.0
6890767851748|0.0
6890767852738|3.0
6533411506778|0.0
6890767861716|0.0
7051055555390|3.0
7051055503360|1.0
6890767863796|0.0
6890767859768000|0.0
6890767864786|0.0
199628085794|0.0
7181221027168|1.0
7181221025188|0.0
6533411507768|3.0
6890767865776|0.0
6533411397710|0.0
6533411508758|14.0
3610340655333|6.0
3610340663468|8.0
3610340655326|11.0
3610340654237|2.0
3610340655401|0.0
3610340670404|13.0
3610340655388|4.0
3610340655425|20.0
8964000462232|1.0
3610340030222|0.0
000g3|1.0
8964000462263|2.0
3600541124868|0.0
8964000462270|0.0
8964000462287|1.0
6291049101504|83.0
8964002720316|0.0
8964001358244|7.0
8710447224342|25.0
8961014253863|7.0
8961014243468|5.0
8964000121085|5.0
8964000121191|3.0
8964002720408|4.0
7501056349288|17.0
067238891190|85.0
4792081029334|0.0
4792081028245|12.0
60014399|20.0
6001085120946|12.0
8999999020354|1.0
8999999003074|1.0
8999999003081|0.0
8999999719395|2.0
8999999003098|2.0
8999999003050|2.0
8999999719418|3.0
8999999020293|1.0
w3223|20.0
8966000017214|41.0
9966000145535|48.0
8964000345085|14.0
8964000345061|1.0
8964000345078|4.0
8964002993581|9.0
8964001764021|7.0
8964001764014|0.0
8964000834336|169.0
8964000834046|0.0
8961100040049|45.0
8961100040032|3.0
8961100002900|7.0
8961100002931|6.0
8961100001019|83.0
8961100002399|1.0
8961100002368|4.0
8961100001491|0.0
04510|2.0
8961100001408|12.0
8901030024023|7.0
5017306008321|9.0
8901030005176|1.0
8850252030049|4.0
8888011050045|1.0
8858768055464|45.0
8858951905743|67.0
8851032399011|45.0
8801038562476|10.0
8745222510259|16.0
855434010046|0.0
06321|19.0
855434000641|5.0
8411356780942|3.0
8411356773098|16.0
8411356775887|0.0
1224960011206|22.0
732131141344|5.0
725765313690|4.0
6954567753227|4.0
6533411384772|11.0
650311482158|1.0
647356754333|0.0
647356754340|0.0
5022496105002|17.0
5022496102001|1.0
6291069705348|5.0
6291069651072|1.0
6291069704051|0.0
5022496100120|0.0
6291069757354|0.0
8964002493234|0.0
8964002493319|0.0
8964002493333|0.0
6291069712179|0.0
6291069706383|0.0
8964002493678|0.0
5022496001946|10.0
6291069712117|0.0
0726529732467|0.0
6255236458963|18.0
6009689192048|8.0
6009689192055|4.0
6009689191089|6.0
6009689191072|0.0
6009689191027|20.0
6009689191010|13.0
6009689191003|10.0
043297013285|110.0
4904530584923|52.0
4904530591952|13.0
4794236282007|52.0
4794236284001|2.0
42164104|4.0
8999777000004|1.0
3267794000006|97.0
8023504850102|0.0
42092698|5.0
00043|1.0
000440444044|9.0
135271142002|28.0
6194058905371|0.0
03333|53.0
02108|6.0
02109|1.0
02008|3.0
01322|27.0
00b56|2.0
00b57|3.0
00b58|2.0
00b59|3.0
00901|11.0
00900|16.0
00312|56.0
00113|77.0
000pf|6.0
000af|6.0
000ap|1.0
000am|0.0
000ac|1.0
8697454721678|0.0
00090|17.0
00061|0.0
00010|364.0
7622202399749|23.0
7622202399664|141.0
7622202399701|185.0
7622202399633|208.0
7622201719371|17.0
7622201719319|185.0
7622201719289|384.0
7622201719340|89.0
8964001359265|126.0
8964000122105|742.0
8964000122112|109.0
8964000122129|74.0
8966000005204|154.0
8966000005259|17.0
8964000455210|11.0
855434009262|0.0
855434000962|12.0
855434000016|257.0
855434000665|76.0
855434000733|23.0
654561011687|0.0
0654561011519|18.0
654561011298|62.0
654561011656|5.0
654561011694|7.0
8964000543733|0.0
8964000543047|32.0
8964000543856|0.0
8964000543238|1.0
8964000543061|13.0
8964000543436|2.0
769503784878|28.0
8961100285334|79.0
0769503785790|0.0
9874563210203|0.0
00af5|10.0
000hb|63.0
00af2|16.0
8964001278030|0.0
5905459980512|0.0
8964000570197|5.0
8984000987665|0.0
m1121|0.0
8984000987672|0.0
8964002642434|0.0
00428254672545782|0.0
8973800010802|0.0
8961008219561|221.0
00ac5|139.0
00ac2|19.0
8964002347803|10.0
02626|7.0
769503785745|0.0
7389880827253|0.0
00454|22.0
00405|3.0
8411713102684|0.0
8964001230458|0.0
00403|49.0
00401|219.0
5905459980550|1.0
8964002706174|9.0
00g32|0.0
00427|587.0
000*8|4.0
000*9|15.0
000*7|2.0
0729872201253|0.0
089686120660|44.0
5905459980536|0.0
00411|28.0
84117131026840000|0.0
620514015392|284.0
01250|115.0
633152016744|1.0
02125|288.0
02128|14.0
8886300016116|0.0
02122|0.0
02121|216.0
02113|260.0
02118|20.0
082050|0.0
02110|8.0
04720|21.0
02538|0.0
04716|0.0
04717|8.0
04712|25.0
02533|299.0
04713|53.0
01201|2.0
01200|0.0
00352|77.0
6291003251795|0.0
02537|8.0
02536|14.0
02535|1144.0
00351|22.0
00350|85.0
00b50|0.0
8961100022090|0.0
jae25|0.0
tp16064723968|57.0
04733|201.0
311530007194|0.0
705632490099|0.0
02189|903.0
8961008022185|579.0
02188|523.0
02187|633.0
02186|985.0
02178|35.0
02177|80.0
8964000145807|10.0
00ecb|0.0
3662076517591|0.0
02195|78.0
02194|116.0
02192|19.0
02199|99.0
02198|76.0
02197|36.0
02196|10.0
02190|462.0
04327|2.0
04328|41.0
02140|288.0
8964000570166|0.0
02143|367.0
02142|76.0
02141|197.0
02137|40.0
02138|14.0
04311|23.0
02132|244.0
02131|76.0
8964002895045|0.0
08705|40.0
8964000570180|2.0
08701|306.0
08700|124.0
02166|71.0
8964002993871|0.0
tp300|0.0
03000|256.0
02155|835.0
02154|26.0
8964000570173|1.0
8966000010840|2.0
8961014001792|0.0
04088|72.0
04089|131.0
04086|538.0
04087|391.0
04083|167.0
04077|54.0
04075|41.0
04070|34.0
04071|115.0
00501|136.0
00500|184.0
04099|35.0
04095|3.0
04096|63.0
04097|70.0
04098|12.0
04093|7.0
04090|306.0
8964000919934|753.0
04048|19.0
04049|10.0
04045|72.0
04046|397.0
04047|164.0
04040|151.0
04042|19.0
04037|80.0
04038|19.0
04039|150.0
04033|72.0
04034|42.0
03188|58.0
04036|41.0
04030|119.0
04031|140.0
9791037618442636|0.0
04067|54.0
04068|31.0
04069|47.0
8961101373474|0.0
04064|105.0
04065|1.0
8984000987757|15.0
04055|161.0
04056|4.0
04053|13.0
8961101372156|54.0
04054|15.0
4568674823913|0.0
01400|3.0
1121b|0.0
8964001078791|0.0
00108|881.0
45453|0.0
45452|23.0
00100|125.0
00105|759.0
45451|0.0
671866150149|0.0
1358946343798|2.0
00512|0.0
8964000346334|183.0
5063487063857|0.0
8964000279816|1.0
jaifal|5.0
8964000987650|0.0
7860000100055|7.0
0000012521|0.0
8964001753230|2.0
04405|12.0
02222|1533.0
04400|227.0
04401|1507.0
00048|658.0
04402|2.0
00035|79.0
00039|0.0
ck1000|6226.0
00037|0.0
00038|200.0
00031|717.0
00032|2486.0
00030|711.0
00068|21.0
02245|46.0
00p40|91.0
00055|593.0
00056|1.0
00050|381.0
00p30|136.0
00002|3893.0
00001|15537.0
03511|0.0
00005|470.0
00ar1|0.0
03503|0.0
8964001048411|0.0
01325|580.0
0000z|0.0
03535|0.0
00025|1.0
03536|0.0
03537|0.0
02201|430.0
02200|228.0
00023|2.0
0000v|1.0
00026|0.0
02204|804.0
00020|1.0
01350|27.0
0000d|40.0
00013|118.0
00011|1455.0
8964000379196|108.0
03520|0.0
00015|676.0
8984000987726|0.0
5000108478119|0.0
00c500|1.0
0880200000|0.0
486014918133|0.0
03153|307.0
03154|309.0
04002|192.0
03155|3.0
5010431005012|1.0
8984000987733|0.0
02297|0.0
04472|617.0
00902|5.0
6294018810483|0.0
04026|9.0
04027|580.0
8964000543993|38.0
04028|6.0
04029|3.0
04023|299.0
04025|48.0
04020|19.0
04021|94.0
8961101372064|346.0
01ecb|0.0
8961008221212|81.0
04015|189.0
04017|155.0
04011|135.0
04012|0.0
04013|609.0
04014|430.0
04010|82.0
8964000543979|8.0
00088|258.0
00089|304.0
08805|89.0
04444|17.0
08800|196.0
08801|1654.0
00082|405.0
00081|94.0
00084|118.0
820000|0.0
03105|10.0
00070|227.0
5903388973100|0.0
232631041996|5.0
888679021263|0.0
03139|0.0
8964001048466|0.0
02282|5.0
02281|92.0
0af10|6.0
00093|10.0
02272|358.0
00094|1.0
02276|256.0
02275|114.0
00095|1173.0
02273|1821.0
8964001278160|0.0
00603|151.0
00602|441.0
05056|48.0
05055|250.0
000cb|7.0
6260694900909|855.0
000a5|272.0
788821013804|15.0
05000|13.0
000aa|0.0
000ab|1.0
07205|62.0
07201|1437.0
07200|365.0
8960350056435|125.0
00202|70.0
m2272|0.0
5904504147306|1.0
000ks|2.0
8964000768983|0.0
000m2|0.0
8961008212289|3.0
7873778676028|2.0
8964000768990|0.0
30052345|0.0
00v70|13.0
8964000346679|587.0
3452674488931|35.0
000gr|0.0
8886451012067|0.0
000jr|0.0
00v40|3.0
855434009248|0.0
000jd|18.0
000jb|6.0
8960350056428|199.0
01015|0.0
04526|163.0
01014|73.0
00165|37.0
01013|50.0
04522|113.0
04523|57.0
01016|0.0
04520|113.0
00163|2.0
ma250|0.0
04517|192.0
00155|25.0
8984000921140|30.0
03212|2.0
04545|172.0
03209|89.0
03208|1.0
ch250|130.0
03201|7.0
03202|19.0
03203|0.0
01027|5.0
00170|27.0
00123|39.0
00125|136.0
8964001078586|26.0
8964001171027|0.0
00112|107.0
00111|104.0
04507|108.0
04508|30.0
04509|432.0
04503|110.0
04504|31.0
04505|138.0
04506|252.0
04502|48.0
000d557578678|0.0
00137|0.0
8964002642236|7.0
04122|935.0
04123|426.0
04124|71.0
00m45|0.0
0ac10|69.0
04118|90.0
04114|127.0
04115|116.0
04116|201.0
04117|19.0
04110|27.0
04111|301.0
04112|162.0
04113|129.0
8964002642694|0.0
08500|219.0
04140|5.0
888679021195|9.0
04136|35.0
04139|38.0
04132|209.0
04133|38.0
04134|185.0
04130|179.0
04131|48.0
5903388972158|0.0
8964001078180|3.0
03238|11.0
02387|35.0
03234|34.0
04566|0.0
03233|17.0
03229|2.0
04555|0.0
03226|24.0
00190|625.0
5903388972134|0.0
6194058906040|43.0
2367354722667|0.0
04109|63.0
633152007476|0.0
04103|89.0
04106|141.0
04101|232.0
03242|10.0
03243|2.0
671866149754|7.0
08205|121.0
08200|568.0
08201|2838.0
633152010872|0.0
8964000768471|0.0
9874563210104|0.0
8961008218328|958.0
8420701103077|0.0
0v250|8.0
1224960011107|1.0
02092|32.0
02090|470.0
8964000919712|470.0
06002|35.0
m2143|0.0
m2141|0.0
m2140|0.0
00321|476.0
8964000578889|0.0
788821016164|102.0
00311|62.0
m6521|8.0
9211212306120|0.0
Mo250|0.0
02527|6.0
02526|39.0
02525|78.0
01616|0.0
m2190|0.0
00308|0.0
00305|13.0
00309|0.0
00300|231.0
00303|77.0
00304|65.0
00302|114.0
815096000311815096000311|0.0
689076784177|5.0
08250|70.0
8964001277989|0.0
00092548784789756424|0.0
8964001277972|0.0
01125|88.0
01122|0.0
245215465446|1.0
01121|1513.0
01120|298.0
00r50|0.0
02004|150.0
02003|228.0
8964001311843|40.0
8964001078050|1.0
01145|57.0
05501|1028.0
05500|191.0
04606|201.0
04602|2.0
04603|6.0
000pp|162.0
04604|6.0
04605|297.0
00248|43.0
00249|34.0
705632490167|0.0
8886451006813|0.0
633152015334|0.0
8964001277927|0.0
000t1|428.0
00250|423.0
00a10|164.0
02068|867.0
02063|164.0
02067|61.0
02066|78.0
02064|38.0
9874563210036|2.0
4534564237896757567|0.0
02052|428.0
02051|153.0
02050|727.0
02056|22.0
02053|114.0
00*28|0.0
00*29|0.0
00*20|0.0
00*19|0.0
00*18|0.0
016166862.62|0.0
02074|86.0
00*12|0.0
4711146100351|0.0
02072|334.0
8964003922559|0.0
02078|71.0
00*15|1.0
4902806000313|0.0
02077|138.0
02076|45.0
00*13|0.0
02075|131.0
00*14|0.0
7641232076079|10.0
04200|2.0
8964001078074|3.0
02013|61.0
0j1pc|3.0
8964004245008|0.0
02049|541.0
02041|584.0
02040|345.0
02042|83.0
50282179999746568|0.0
02038|639.0
8966000017252|0.0
02037|52.0
4711146100399|0.0
8961014008098|0.0
